1.340000000000000036e+01 1.261999969999999962e+02
1.102999999999999936e+01 9.200000000000000000e+01
1.386999999999999922e+01 6.830000300000000379e+01
1.310999999999999943e+01 9.540000200000000063e+01
1.371000000000000085e+01 1.139000020000000006e+02
1.413000000000000078e+01 1.259000020000000006e+02
1.422000000000000064e+01 8.709999799999999937e+01
1.316999999999999993e+01 1.293000030000000038e+02
1.247000000000000064e+01 7.200000000000000000e+01
1.348000000000000043e+01 1.025000000000000000e+02
1.316999999999999993e+01 1.139000020000000006e+02
1.208000000000000007e+01 5.690000200000000063e+01
1.228999999999999915e+01 6.850000000000000000e+01
1.373000000000000043e+01 7.519999699999999621e+01
1.228999999999999915e+01 8.600000000000000000e+01
1.316000000000000014e+01 1.179000020000000006e+02
1.390000000000000036e+01 7.519999699999999621e+01
1.383000000000000007e+01 6.329999899999999968e+01
1.225000000000000000e+01 9.140000200000000063e+01
1.324000000000000021e+01 1.013000030000000038e+02
1.216000000000000014e+01 7.890000200000000063e+01
1.383000000000000007e+01 6.490000200000000063e+01
1.288000000000000078e+01 7.890000200000000063e+01
1.305000000000000071e+01 8.000000000000000000e+01
1.439000000000000057e+01 6.430000300000000379e+01
1.286999999999999922e+01 9.890000200000000063e+01
1.272000000000000064e+01 5.840000200000000063e+01
1.266999999999999993e+01 7.409999799999999937e+01
1.264000000000000057e+01 9.569999699999999621e+01
1.292999999999999972e+01 8.000000000000000000e+01
1.252999999999999936e+01 9.980000300000000379e+01
1.305000000000000071e+01 1.048000030000000038e+02
1.330000000000000071e+01 6.830000300000000379e+01
1.332000000000000028e+01 9.690000200000000063e+01
1.233000000000000007e+01 7.219999699999999621e+01
1.316000000000000014e+01 6.850000000000000000e+01
1.333999999999999986e+01 7.000000000000000000e+01
1.364000000000000057e+01 9.150000000000000000e+01
1.276999999999999957e+01 1.115000000000000000e+02
1.236999999999999922e+01 6.270000100000000032e+01
1.319999999999999929e+01 7.280000300000000379e+01
1.284999999999999964e+01 6.959999799999999937e+01
1.339000000000000057e+01 7.230000300000000379e+01
1.341000000000000014e+01 1.026999969999999962e+02
1.368999999999999950e+01 7.490000200000000063e+01
1.438000000000000078e+01 7.230000300000000379e+01
1.388000000000000078e+01 9.930000300000000379e+01
1.228999999999999915e+01 5.559999799999999937e+01
1.349000000000000021e+01 1.155000000000000000e+02
1.196000000000000085e+01 6.569999699999999621e+01
1.328999999999999915e+01 8.000000000000000000e+01
1.208000000000000007e+01 7.890000200000000063e+01
1.207000000000000028e+01 9.530000300000000379e+01
1.164000000000000057e+01 7.240000200000000063e+01
1.416000000000000014e+01 1.181999969999999962e+02
1.350000000000000000e+01 8.159999799999999937e+01
1.268999999999999950e+01 7.090000200000000063e+01
1.348000000000000043e+01 7.090000200000000063e+01
1.367999999999999972e+01 6.480000300000000379e+01
1.161999999999999922e+01 9.280000300000000379e+01
1.305000000000000071e+01 7.600000000000000000e+01
1.175999999999999979e+01 9.030000300000000379e+01
1.258000000000000007e+01 1.026999969999999962e+02
1.375999999999999979e+01 7.709999799999999937e+01
1.183999999999999986e+01 1.086999969999999962e+02
1.310999999999999943e+01 8.000000000000000000e+01
1.244999999999999929e+01 1.059000020000000006e+02
1.236999999999999922e+01 9.009999799999999937e+01
1.305000000000000071e+01 1.150000000000000000e+02
1.282000000000000028e+01 1.199000020000000006e+02
1.200000000000000000e+01 7.559999799999999937e+01
1.366999999999999993e+01 6.480000300000000379e+01
1.182000000000000028e+01 7.519999699999999621e+01
1.401999999999999957e+01 6.959999799999999937e+01
1.418999999999999950e+01 7.200000000000000000e+01
1.423000000000000043e+01 7.309999799999999937e+01
1.144999999999999929e+01 1.235999979999999994e+02
1.377999999999999936e+01 1.035000000000000000e+02
1.344999999999999929e+01 8.290000200000000063e+01
1.475000000000000000e+01 9.890000200000000063e+01
1.276999999999999957e+01 1.013000030000000038e+02
1.376999999999999957e+01 6.480000300000000379e+01
1.233000000000000007e+01 5.870000100000000032e+01
1.141000000000000014e+01 1.000000000000000000e+02
1.335999999999999943e+01 9.780000300000000379e+01
1.382000000000000028e+01 7.450000000000000000e+01
1.181000000000000050e+01 7.530000300000000379e+01
1.385999999999999943e+01 5.950000000000000000e+01
1.200000000000000000e+01 5.840000200000000063e+01
1.182000000000000028e+01 6.719999699999999621e+01
1.284999999999999964e+01 8.690000200000000063e+01
1.166000000000000014e+01 6.170000100000000032e+01
1.241999999999999993e+01 9.469999699999999621e+01
1.250999999999999979e+01 6.320000100000000032e+01
1.200000000000000000e+01 8.969999699999999621e+01
1.259999999999999964e+01 6.370000100000000032e+01
1.221000000000000085e+01 9.069999699999999621e+01
1.323000000000000043e+01 1.205999979999999994e+02
1.372000000000000064e+01 7.330000300000000379e+01
1.422000000000000064e+01 1.148000030000000038e+02
1.356000000000000050e+01 7.800000000000000000e+01
1.363000000000000078e+01 6.959999799999999937e+01
1.278999999999999915e+01 1.178000030000000038e+02
1.308000000000000007e+01 1.205999979999999994e+02
1.388000000000000078e+01 7.890000200000000063e+01
1.281000000000000050e+01 7.619999699999999621e+01
1.350999999999999979e+01 6.530000300000000379e+01
1.242999999999999972e+01 9.409999799999999937e+01
1.236999999999999922e+01 1.025999979999999994e+02
1.225000000000000000e+01 7.519999699999999621e+01
1.371000000000000085e+01 8.000000000000000000e+01
1.324000000000000021e+01 8.350000000000000000e+01
1.203999999999999915e+01 1.118000030000000038e+02
1.216999999999999993e+01 6.569999699999999621e+01
1.269999999999999929e+01 9.330000300000000379e+01
1.406000000000000050e+01 7.109999799999999937e+01
1.269999999999999929e+01 9.100000000000000000e+01
1.283999999999999986e+01 8.200000000000000000e+01
1.302999999999999936e+01 7.859999799999999937e+01
1.419999999999999929e+01 7.990000200000000063e+01
1.358000000000000007e+01 1.199000020000000006e+02
1.430000000000000071e+01 7.490000200000000063e+01
1.409999999999999964e+01 7.000000000000000000e+01
1.178999999999999915e+01 9.719999699999999621e+01
1.305000000000000071e+01 7.830000300000000379e+01
1.233999999999999986e+01 7.800000000000000000e+01
1.219999999999999929e+01 1.073000030000000038e+02
1.383999999999999986e+01 1.229000020000000006e+02
1.156000000000000050e+01 8.469999699999999621e+01
1.235999999999999943e+01 1.165000000000000000e+02
1.146000000000000085e+01 1.044000020000000006e+02
1.208000000000000007e+01 7.519999699999999621e+01
1.350000000000000000e+01 1.055000000000000000e+02
1.374000000000000021e+01 6.519999699999999621e+01
1.438000000000000078e+01 9.030000300000000379e+01
1.305000000000000071e+01 7.090000200000000063e+01
1.340000000000000036e+01 1.378000030000000038e+02
1.358000000000000007e+01 6.200000000000000000e+01
1.186999999999999922e+01 1.166999969999999962e+02
1.393999999999999950e+01 7.269999699999999621e+01
1.251999999999999957e+01 1.004000020000000006e+02
1.236999999999999922e+01 6.120000100000000032e+01
