13.83 63.299999
12.84 82
13.86 59.5
12.58 102.699997
12.96 97.900002
14.06 73.5
12.08 78.900002
13.11 95.400002
12.29 86
11.84 108.699997
12.36 116.5
11.66 61.700001
11.76 90.300003
11.62 92.800003
14.3 74.900002
13.88 99.300003
14.22 114.800003
14.39 64.300003
13.82 74.5
12.79 117.800003
12.93 80
12.22 70.099998
12.29 112.400002
13.4 126.199997
12.08 75.199997
13.84 122.900002
12.08 56.900002
12.08 67.599998
13.24 101.300003
12.93 102.099998
13.52 85
12.81 76.199997
13.23 120.599998
11.03 92
14.37 74.900002
13.34 70
12.72 85.599998
13.73 75.199997
13.05 80
13.68 64.800003
13.64 91.5
14.22 87.099998
12.25 91.400002
13.94 72.699997
14.06 71.099998
14.19 72
12.45 105.900002
12.64 95.699997
13.51 65.300003
11.46 104.400002
14.2 79.900002
12.6 80.599998
13.16 117.900002
13.63 69.599998
12.21 90.699997
13.05 78.300003
11.87 116.699997
12 75.599998
13.36 97.800003
13.17 113.900002
12.33 58.700001
14.12 72.900002
12.77 101.300003
13.58 62
12.69 70.900002
13.05 76
12.77 111.5
12.52 100.400002
11.65 62.900002
13.9 75.199997
12.72 58.400002
12.37 63.700001
13.45 82.900002
14.23 73.099998
12.51 104.699997
13.71 80
13.07 73.900002
12.86 87.300003
13.48 70.900002
11.82 75.199997
12.85 69.599998
12.17 65.699997
13.56 80.300003
11.96 65.699997
13.86 68.5
12.47 72
12.37 102.599998
12 89.699997
12.7 93.300003
11.56 84.699997
12.37 61.200001
12.43 94.099998
14.02 69.599998
13.56 78
13.39 72.300003
11.64 72.400002
11.81 75.300003
14.16 118.199997
13.05 70.900002
11.41 100
14.38 90.300003
12.42 110
13.5 105.5
13.27 103.900002
13.17 129.300003
11.45 123.599998
12.37 62.700001
13.08 120.599998
13.87 68.300003
14.1 72.5
12.37 70
12.7 91
13.24 83.5
12.07 95.300003
13.58 119.900002
14.83 69.5
12.04 111.800003
13.72 73.300003
12.99 50.5
12.29 68.5
12.42 78.699997
12.85 86.900002
13.83 64.900002
13.75 75.099998
12.53 99.800003
13.48 102.5
13.67 64.800003
13.78 103.5
12 58.400002
13.76 77.099998
12.67 74.099998
13.41 102.699997
12.88 78.900002
14.1 70
12.34 78
13.05 115
13.49 60.900002
13.49 115.5
13.69 74.900002
11.84 70.800003
11.61 84
14.34 97.5
12.51 63.200001
12.82 119.900002
13.88 78.900002
11.82 67.199997
12.42 94.699997
13.16 68.5
12.08 95.699997
13.32 96.900002
12.33 72.199997
14.75 98.900002
12.87 98.900002
12.25 75.199997
14.21 104.900002
14.13 125.900002
13.74 65.199997
13.73 92.599998
12.29 55.599998
13.11 80
13.4 137.800003
13.5 81.599998
13.03 78.599998
11.79 97.199997
12.16 78.900002
13.71 113.900002
13.77 64.800003
13.3 68.300003
13.05 104.800003
13.28 78.900002
14.38 72.300003
13.2 72.800003
12.2 107.300003
13.62 93.699997
13.29 80
12.25 113.5
12.37 90.099998
12.6 63.700001
